B0200
1.8772130561770766
1.9999091487171892
57.83457805621385
58.00008711308687
B0204
1.9997102214949234
4.000042908673906
56.101588942524764
58.00009648555317
B0208
3.9998426338273405
6.000085910357687
56.30388700796262
58.000098695095915
B0212
5.9998864707307344
8.000096878999525
56.893872926060425
58.00009929221145
B0216
7.999898036342992
9.409045589609766
57.5024380722704
58.00009954223109
B0600
1.6445742380966994
1.9999061442190589
57.99989499713397
59.77296770931724
B0604
1.999702722519325
4.000042014618306
57.999895353857085
60.00009670627024
B0608
3.9998397044965057
6.000085967844126
57.99989828447122
60.00009846784192
B0612
5.999886430613151
8.000095640903936
57.99990003645536
59.987113007749336
B0616
7.999902226945762
10.000098616479606
57.999900645619235
59.20573916419324
B0620
9.999900043654462
11.48188540590381
58.249225082141656
59.91906512729744
B1000
1.3492285236996184
1.999896649897698
60.29344583343764
62.00009073235638
B1004
1.9996943275274541
4.000039016321901
59.99989449371608
62.00009647257558
B1008
3.9998382039852065
6.000084475119665
59.99989862154545
62.00009673241475
B1012
5.9998865580034755
7.712588101228209
60.02357856376957
61.8995782934472
B1400
1.3469078279939035
1.99981243992081
61.99989284046533
62.0077333968041
B1404
1.9997586149497264
4.000036226645889
61.99989383895671
63.537440176087166
B1408
3.9998355448011953
6.000084289237973
61.999899705652204
64.0000978805855
B1412
5.9998845749453915
8.000096872422699
62.04592367472225
64.00009971894826
B1416
7.999898000101997
10.000097145751454
62.66960039606935
64.00009990227277
B1420
9.999900426750035
11.472962568941089
63.31253962970906
64.00009965603283
B1808
4.879400537044262
6.0000837795734485
63.99989955026828
66.0000993736251
B1812
5.999883807621028
8.000097221836782
63.99990043787531
66.00009983268588
B1816
7.999897298323089
10.00009970652615
63.99990019787152
66.00009952653737
B1820
9.999900074435997
12.000099823475557
63.99990267205551
66.00009984561642
B1824
11.999900140701941
13.192581802662662
64.8863245228703
66.00009906798572
B2208
5.360637059552474
6.000079537752375
65.99989976793836
66.49512446213967
B2212
5.9998839011412946
8.000097081457046
65.99990005388703
67.092934748516
B2216
7.99989811267923
10.000099315771166
65.99990004420734
67.90221194151614
B2220
9.999900237783104
12.000099317484318
65.99990073816655
67.99677768557198
B2224
11.999900286323637
14.000099530080178
65.99990231712695
68.00009984138089
B2228
13.999900250582195
15.993749109454654
66.27355296271529
68.00009973545431
B2232
16.182921716323975
16.52545739165161
67.81412585277295
68.00009378825705
B2624
12.04845531283044
14.000097926987339
67.99990033552511
68.93731646412219
B2628
13.999900369005772
16.000099646067124
67.99990046053901
69.5002976770415
B2632
15.999900324698485
18.000099843490542
67.99990245152155
70.0000993011464
B2636
17.99990013070096
20.000097344974975
69.13508173580425
70.00009911212437
B2640
19.999900972937212
22.000094940074483
69.31558989183709
70.00009966917449
B2644
21.999911614472946
23.47569244599064
69.72345903647664
70.00009887907653
B2656
29.361675457269122
30.00076368850778
69.65987469531206
70.00008229253392
B2660
30.000569701650875
31.125997530274923
69.66474847651342
70.00008048878962
B3032
17.501200672113992
18.000099633684286
69.99990027587737
70.49603711450568
B3036
17.999900417212224
20.00009942516221
69.99990023008606
71.00008506604848
B3040
19.999900476789637
22.000102592551766
69.99990116511292
71.00340432307544
B3044
21.99990390184781
24.000117515406814
69.99990041065564
71.25265916833449
B3048
23.999918961690287
26.000172224192138
70.06022077749111
71.25354432619476
B3052
25.999973322774096
28.000341210081018
70.34958343656731
71.25332801806553
B3056
28.00014341861478
30.00077550931324
69.99988771522662
71.25280316061678
B3060
30.00057235682194
32.00176854103175
69.99987319588918
71.0010047427734
